0,0
0,1,-0.0357466107127,-0.00627283023924,0.866943367805
0,2,-0.0177086159227,-0.00584333718115,0.525962558319
0,3,0.0180334729108,-0.0240058249002,0.170174235843
0,4,0.00532768128916,-0.00991070271105,0.168148494952
0,5,0.0511898391318,-0.0561429175547,0.097321828434
1,0,0.0357466107127,0.00627283023925,-0.866943367805
1,1
1,2,-0.0631251526324,-0.095653708109,3.77142461936
1,3,-0.00263534465085,-0.0170083676102,0.502133010537
1,4,-0.00410129126076,-0.0148363121231,0.493211212113
1,5,0.0282204842997,0.00192831266172,-0.602898582583
2,0,0.0177086159227,0.00584333718115,-0.525962558319
2,1,0.0631251526324,0.095653708109,-3.77142461936
2,2
2,3,0.0398348210704,-0.0530273754964,0.496798098506
2,4,0.00924338085154,-0.00738949624781,0.0162240119919
2,5,0.0175286862774,0.00109050898204,-0.410372232227
3,0,-0.0180334729108,0.0240058249002,-0.170174235843
3,1,0.00263534465085,0.0170083676102,-0.502133010537
3,2,-0.0398348210704,0.0530273754965,-0.496798098507
3,3
3,4,0.0181838139152,-0.0101775006736,-0.0265246372321
3,5,0.0182398830111,0.00124633571079,-0.425040889283
4,0,-0.00532768128916,0.00991070271105,-0.168148494952
4,1,0.00410129126076,0.0148363121231,-0.493211212113
4,2,-0.00924338085154,0.00738949624781,-0.016224011992
4,3,-0.0181838139152,0.0101775006736,0.0265246372321
4,4
4,5,0.0652616882622,0.129424844977,-5.54312716526
5,0,-0.0511898391318,0.0561429175547,-0.097321828434
5,1,-0.0282204842997,-0.00192831266172,0.602898582583
5,2,-0.0175286862774,-0.00109050898204,0.410372232227
5,3,-0.0182398830111,-0.00124633571079,0.425040889283
5,4,-0.0652616882622,-0.129424844977,5.54312716526
5,5
